# MVE view meta data is stored in INI-file syntax.
# This file is generated, formatting will get lost.

[camera]
<<<<<<< HEAD
focal_length = 0.957405448
pixel_aspect = 1
principal_point = 0.5 0.5
rotation = 0.9999993443 -0.001224428881 0.0002240390022 0.0012231617 0.9999777675 0.006821232848 -0.0002319216001 -0.00682098791 0.9999784827
translation = -0.003053912893 -0.034616936 -0.0029345043
=======
focal_length = 0.9472414255
pixel_aspect = 1
principal_point = 0.5 0.5
rotation = 0.9997471571 0.02428688668 0.0003824045998 -0.02428821288 0.9997295737 0.006641445681 -0.0002236067812 -0.006649999879 0.9999824166
translation = -0.01024425402 -0.04427694529 -0.03439082205
>>>>>>> upstream/main

[view]
id = 5
name = IMG_0196
