# MVE view meta data is stored in INI-file syntax.
# This file is generated, formatting will get lost.

[camera]
<<<<<<< HEAD
focal_length = 0.9496079683
pixel_aspect = 1
principal_point = 0.5 0.5
rotation = 0.9997694492 -0.003356052097 0.02185473777 0.003220307408 0.9999904633 0.006282922812 -0.02187618241 -0.006218769588 0.9997681379
translation = -0.2249973267 -2.785801172 -0.1750726998
=======
focal_length = 0.9379664063
pixel_aspect = 1
principal_point = 0.5 0.5
rotation = 0.9995756149 0.02243224718 0.02150227875 -0.02263854444 0.9998210669 0.01017965283 -0.02122986875 -0.01067433413 0.9998109341
translation = -0.2275907844 -2.825376987 -0.2146285027
>>>>>>> upstream/main

[view]
id = 2
name = IMG_0193
