# MVE view meta data is stored in INI-file syntax.
# This file is generated, formatting will get lost.

[camera]
<<<<<<< HEAD
focal_length = 0.9525287151
pixel_aspect = 1
principal_point = 0.5 0.5
rotation = 0.9999495745 -0.004287337884 -0.01129446365 0.004341929685 0.9999809861 0.005944793113 0.01126686484 -0.005997073837 0.9999474883
translation = -0.09139944613 -0.959556818 -0.07501027733
=======
focal_length = 0.9449751377
pixel_aspect = 1
principal_point = 0.5 0.5
rotation = 0.9997730255 0.02142043039 -0.01128381956 -0.02128465101 0.9998375773 0.0073005124 0.01142006647 -0.007046152838 0.9999713898
translation = -0.09820909798 -0.9807944894 -0.08508476615
>>>>>>> upstream/main

[view]
id = 4
name = IMG_0195
