# MVE view meta data is stored in INI-file syntax.
# This file is generated, formatting will get lost.

[camera]
<<<<<<< HEAD
focal_length = 0.9506825805
pixel_aspect = 1
principal_point = 0.5 0.5
rotation = 0.9999836087 -0.0006480641896 0.00590610411 0.0006543023046 1.000017524 -0.0003500129096 -0.005903549958 0.0003530655813 1.000001073
translation = 0.05633669719 0.8862910271 -0.005613012705
=======
focal_length = 0.9409046173
pixel_aspect = 1
principal_point = 0.5 0.5
rotation = 0.9997140765 0.02499957569 0.00574221136 -0.02498275414 0.9997611046 -0.001673440915 -0.00579532329 0.001529396744 1.000015616
translation = 0.05166833475 0.8847503662 -0.03480942547
>>>>>>> upstream/main

[view]
id = 6
name = IMG_0197
